34.58
10.68
43.22
12.43
12.95
13.1
46.27
13.05
10.42
41.7
39.1
12.27
44.95
14.03
11.71
12.17
40.72
13.65
32.31
13.36
34.7
13.17
13.87
33.42
12.88
34.27
36.33
35.69
8.83
32.15
10.24
10.7
10.61
10.64
29.93
14.29
22.22
30.58
30.18
45.24
52.06
35.29
60.46
87.52
90.64
39.42
150.48
180.25
207.34
11.11
10.15
11.31
11.46
12.1
11.92
12.41
15.9
12.62
14.3
12.89
34.58
10.68
43.22
12.43
12.95
13.1
46.27
13.05
10.42
41.7
39.1
12.27
44.95
14.03
11.71
12.17
40.72
13.65
32.31
13.36
34.7
13.17
13.87
33.42
12.88
34.27
36.33
35.69
8.83
32.15
10.24
10.7
10.61
10.64
29.93
14.29
22.22
30.58
30.18
45.24
52.06
35.29
60.46
87.52
90.64
39.42
150.48
180.25
207.34
11.11
10.15
11.31
11.46
12.1
11.92
12.41
15.9
12.62
14.3
12.89
12.56
41.46
43.22
30.31
31.32
30.26
10.57
13.05
20.96
17.49
39.1
30.1
22.49
24.61
36.8
41.58
40.72
13.65
32.31
36.41
34.7
13.17
34.02
27.09
22.39
16.77
36.33
15.94
38.23
9.96
10.24
10.7
10.61
25.7
17.25
14.29
22.22
30.75
37.98
32.24
27.61
35.29
52.59
70.49
57.65
39.42
107.52
97.77
85.62
87.22
82.85
56.79
30.17
12.1
11.92
12.41
15.9
12.62
14.3
12.89
